Define CharList
 ('a', 'b', 'c', 'd', 'e', 'f', 'g', 'h', 'i', 'j', 'k', 'l', 'm', 'n', 'o', 'p',
   'q', 'r', 's', 't', 'u', 'v', 'w', 'x', 'y', 'z', 'A', 'B', 'C', 'D', 'E', 'F',
   'G', 'H', 'I', 'J', 'K', 'L', 'M', 'N', 'O', 'P', 'Q', 'R', 'S', 'T', 'U', 'V',
   'W', 'X', 'Y', 'Z');

Define WidthList
 (  29,  30,  25,  30,  29,  17,  30,  30,  13,  17,  28,  13,  47,  30,  29,  30,
    30,  20,  25,  19,  30,  28,  39,  28,  28,  25,  33,  33,  34,  37,  30,  28,
    37,  36,  21,  22,  33,  27,  40,  36,  38,  29,  38,  33,  33,  30,  35,  33,
    47,  33,  30,  33);

Define RectList
 ( (   0,  0, 23, 58), (  24,  0, 24, 58), (  49,  0, 22, 58), (  72,  0, 24, 58),
   (  97,  0, 25, 58), ( 123,  0, 17, 58), ( 141,  0, 24, 58), ( 166,  0, 22, 58),
   ( 189,  0,  5, 58), ( 195,  0, 14, 58), ( 210,  0, 23, 58), ( 234,  0,  5, 58),
   ( 240,  0, 39, 58), ( 280,  0, 22, 58), ( 303,  0, 25, 58), ( 329,  0, 24, 58),
   ( 354,  0, 24, 58), ( 379,  0, 16, 58), ( 396,  0, 20, 58), ( 417,  0, 17, 58),
   ( 435,  0, 22, 58), ( 458,  0, 26, 58), ( 485,  0, 35, 58), ( 521,  0, 26, 58),
   ( 548,  0, 26, 58), ( 575,  0, 21, 58), ( 597,  0, 31, 58), ( 629,  0, 26, 58),
   ( 656,  0, 29, 58), ( 686,  0, 29, 58), ( 716,  0, 22, 58), ( 739,  0, 22, 58),
   ( 762,  0, 31, 58), ( 794,  0, 26, 58), ( 821,  0, 15, 58), ( 837,  0, 17, 58),
   ( 855,  0, 27, 58), ( 883,  0, 22, 58), ( 906,  0, 30, 58), ( 937,  0, 26, 58),
   ( 964,  0, 32, 58), ( 997,  0, 23, 58), (1021,  0, 33, 58), (1055,  0, 29, 58),
   (1085,  0, 27, 58), (1113,  0, 29, 58), (1143,  0, 27, 58), (1171,  0, 31, 58),
   (1203,  0, 43, 58), (1247,  0, 29, 58), (1277,  0, 29, 58), (1307,  0, 27, 58));

Define OffsetList
 ( ( 2, 0), ( 4, 0), ( 2, 0), ( 2, 0), ( 2, 0), ( 2, 0), ( 2, 0), ( 4, 0),
   ( 4, 0), (-1, 0), ( 5, 0), ( 4, 0), ( 4, 0), ( 4, 0), ( 2, 0), ( 4, 0),
   ( 2, 0), ( 4, 0), ( 3, 0), ( 1, 0), ( 4, 0), ( 1, 0), ( 2, 0), ( 1, 0),
   ( 1, 0), ( 2, 0), ( 1, 0), ( 5, 0), ( 3, 0), ( 5, 0), ( 5, 0), ( 5, 0),
   ( 3, 0), ( 5, 0), ( 3, 0), ( 1, 0), ( 5, 0), ( 5, 0), ( 5, 0), ( 5, 0),
   ( 3, 0), ( 5, 0), ( 3, 0), ( 5, 0), ( 3, 0), ( 0, 0), ( 4, 0), ( 1, 0),
   ( 2, 0), ( 2, 0), ( 0, 0), ( 3, 0));

Define KerningPairs
 ("AT","AV","AW","AY","Av","Aw","Ay","BT","DT","FA","FT","Fa","Fe","Fo","Ka","Ke",
  "Ko","Ku","Kv","Kw","Ky","LJ","LT","LV","LW","LY","Lv","Ly","OT","PA","Pa","Pe",
  "Po","RT","Ra","Re","Ro","Ry","SS","Sv","Sy","TA","TC","TG","TO","TT","Ta","Tc",
  "Te","Tg","To","Tr","Ts","Tu","Tv","Tw","Ty","Tz","VA","Va","Ve","Vo","Vu","Vy",
  "WA","Wa","We","Wo","Wr","Wu","Wy","Xa","Xe","Xo","Xu","Xy","YA","Ya","Yd","Ye",
  "Yg","Ym","Yn","Yo","Yp","Yq","Yr","Ys","Yu","Yv","Za","Ze","Zo","Zw","Zy","cT",
  "eT","ra","va","xe","xo","ya");

Define KerningValues (  -3,  -1,  -1,  -2,  -1,  -1,  -1,  -1,  -1,  -2,   1,  -2,  -1,  -1,  -1,  -2,    -2,  -1,  -2,  -2,  -2,   2,  -4,  -3,  -2,  -4,  -3,  -3,  -1,  -1,  -1,  -1,    -1,  -1,  -1,  -1,  -1,  -1,  -1,  -1,  -1,  -3,  -1,  -1,  -1,  -2,  -6,  -5,    -5,  -5,  -5,  -5,  -4,  -5,  -5,  -5,  -5,  -4,  -1,  -2,  -2,  -2,  -1,  -2,    -1,  -2,  -2,  -2,  -1,  -1,  -2,  -1,  -1,  -1,  -1,  -2,  -2,  -3,  -3,  -3,    -3,  -2,  -2,  -3,  -2,  -3,  -2,  -3,  -3,  -2,  -1,  -1,  -1,  -1,  -2,  -1,    -3,  -1,  -1,  -1,  -1,  -1);

CreateLayer               Main;
LayerSetImage             Main 'Verdana36';
LayerSetAscent            Main 48;
LayerSetCharWidths        Main CharList WidthList;
LayerSetCharWidths        Main (' ') (17);
LayerSetKerningPairs      Main KerningPairs KerningValues;
LayerSetImageMap          Main CharList RectList;
LayerSetCharOffsets       Main CharList OffsetList;
LayerSetAscentPadding     Main 0;
LayerSetLineSpacingOffset Main 0;
LayerSetPointSize         Main 36;

SetDefaultPointSize  36;






